Export File Created with QBlade v0.963 64bit on 13.10.2016 at 10:13:38
           T1_Re0.250_M0.04_N9.0
 Alpha Cl/Cd
     0.00000e+00     6.48319e+01
     2.50000e-01     6.90825e+01
     5.00000e-01     7.30319e+01
     7.50000e-01     7.40551e+01
     1.00000e+00     7.65301e+01
     1.25000e+00     8.03305e+01
     1.50000e+00     8.40410e+01
     1.75000e+00     8.52703e+01
     2.00000e+00     8.77062e+01
     2.25000e+00     9.12079e+01
     2.50000e+00     9.37066e+01
     2.75000e+00     9.53167e+01
     3.00000e+00     9.81652e+01
     3.25000e+00     1.00588e+02
     3.50000e+00     1.02023e+02
     3.75000e+00     1.04618e+02
     4.00000e+00     1.05782e+02
     4.25000e+00     1.07412e+02
     4.50000e+00     1.08316e+02
     4.75000e+00     1.08971e+02
     5.00000e+00     1.09038e+02
     5.25000e+00     1.08591e+02
     5.50000e+00     1.07958e+02
     5.75000e+00     1.06542e+02
     6.00000e+00     1.04410e+02
     6.25000e+00     1.02027e+02
     6.50000e+00     9.94573e+01
     6.75000e+00     9.62701e+01
     7.00000e+00     9.25404e+01
     7.25000e+00     8.87064e+01
     7.50000e+00     8.49660e+01
     7.75000e+00     8.13564e+01
     8.00000e+00     7.79672e+01
     8.25000e+00     7.45585e+01
     8.50000e+00     7.10154e+01
     8.75000e+00     6.84025e+01
     9.00000e+00     6.57486e+01
     9.25000e+00     6.24743e+01
     9.50000e+00     6.06152e+01
     9.75000e+00     5.73849e+01
     1.00000e+01     5.59796e+01
     1.02500e+01     5.32476e+01
     1.05000e+01     5.13921e+01
     1.07500e+01     4.96717e+01
     1.10000e+01     4.70818e+01
     1.12500e+01     4.52795e+01
     1.15000e+01     4.39486e+01
     1.17500e+01     4.22739e+01
     1.20000e+01     3.96119e+01
     1.22500e+01     3.85172e+01
     1.25000e+01     3.73565e+01
     1.27500e+01     3.60358e+01
     1.30000e+01     3.45333e+01
     1.32500e+01     3.25430e+01
     1.35000e+01     3.14065e+01
     1.37500e+01     3.04256e+01
     1.40000e+01     2.93473e+01
     1.42500e+01     2.81758e+01
     1.45000e+01     2.69587e+01
     1.47500e+01     2.55353e+01
     1.50000e+01     2.42354e+01
     1.52500e+01     2.33632e+01
     1.55000e+01     2.23975e+01
     1.57500e+01     2.14799e+01
     1.60000e+01     2.05265e+01
     1.62500e+01     1.96256e+01
     1.65000e+01     1.87759e+01
     1.67500e+01     1.78913e+01
     1.70000e+01     1.70302e+01
     1.72500e+01     1.60081e+01
     1.75000e+01     1.52706e+01
     1.77500e+01     1.46547e+01
     1.80000e+01     1.40683e+01
     1.82500e+01     1.34345e+01
     1.85000e+01     1.28549e+01
     1.87500e+01     1.23071e+01
     1.90000e+01     1.17936e+01
     1.92500e+01     1.13289e+01
     1.95000e+01     1.08334e+01
     1.97500e+01     1.03794e+01
     2.00000e+01     9.88518e+00

