Export File Created with QBlade v0.963 64bit on 13.10.2016 at 10:13:28
                           curve
 Alpha Cl
     0.00000e+00     7.07541e-01
     2.50000e-01     7.44204e-01
     5.00000e-01     7.81370e-01
     7.50000e-01     8.03655e-01
     1.00000e+00     8.31435e-01
     1.25000e+00     8.64405e-01
     1.50000e+00     8.99605e-01
     1.75000e+00     9.22768e-01
     2.00000e+00     9.49491e-01
     2.25000e+00     9.80724e-01
     2.50000e+00     1.01087e+00
     2.75000e+00     1.03367e+00
     3.00000e+00     1.06205e+00
     3.25000e+00     1.09167e+00
     3.50000e+00     1.11347e+00
     3.75000e+00     1.14198e+00
     4.00000e+00     1.16538e+00
     4.25000e+00     1.19035e+00
     4.50000e+00     1.21392e+00
     4.75000e+00     1.23755e+00
     5.00000e+00     1.25971e+00
     5.25000e+00     1.28257e+00
     5.50000e+00     1.30265e+00
     5.75000e+00     1.32217e+00
     6.00000e+00     1.33999e+00
     6.25000e+00     1.35656e+00
     6.50000e+00     1.37211e+00
     6.75000e+00     1.38464e+00
     7.00000e+00     1.39444e+00
     7.25000e+00     1.40384e+00
     7.50000e+00     1.41316e+00
     7.75000e+00     1.42243e+00
     8.00000e+00     1.43206e+00
     8.25000e+00     1.44100e+00
     8.50000e+00     1.44877e+00
     8.75000e+00     1.45958e+00
     9.00000e+00     1.46982e+00
     9.25000e+00     1.47633e+00
     9.50000e+00     1.48892e+00
     9.75000e+00     1.49354e+00
     1.00000e+01     1.50704e+00
     1.02500e+01     1.51261e+00
     1.05000e+01     1.52273e+00
     1.07500e+01     1.53278e+00
     1.10000e+01     1.53648e+00
     1.12500e+01     1.54462e+00
     1.15000e+01     1.55484e+00
     1.17500e+01     1.56147e+00
     1.20000e+01     1.55973e+00
     1.22500e+01     1.56978e+00
     1.25000e+01     1.57880e+00
     1.27500e+01     1.58555e+00
     1.30000e+01     1.58972e+00
     1.32500e+01     1.58814e+00
     1.35000e+01     1.59415e+00
     1.37500e+01     1.60111e+00
     1.40000e+01     1.60613e+00
     1.42500e+01     1.60900e+00
     1.45000e+01     1.61010e+00
     1.47500e+01     1.60612e+00
     1.50000e+01     1.60300e+00
     1.52500e+01     1.60600e+00
     1.55000e+01     1.60655e+00
     1.57500e+01     1.60686e+00
     1.60000e+01     1.60535e+00
     1.62500e+01     1.60346e+00
     1.65000e+01     1.60137e+00
     1.67500e+01     1.59701e+00
     1.70000e+01     1.59087e+00
     1.72500e+01     1.57760e+00
     1.75000e+01     1.57170e+00
     1.77500e+01     1.56882e+00
     1.80000e+01     1.56548e+00
     1.82500e+01     1.55937e+00
     1.85000e+01     1.55350e+00
     1.87500e+01     1.54699e+00
     1.90000e+01     1.54013e+00
     1.92500e+01     1.53403e+00
     1.95000e+01     1.52570e+00
     1.97500e+01     1.51814e+00
     2.00000e+01     1.50765e+00

